Regdump of config:
           10987654 32109876 54321098 76543210
TCR1:                                    10000
arduino    00000000 00000000 00000000 00000001

TCR2:           111 00000000 00000000 01111111
arduino    01000111 00000000 00000000 00000001
                111 00000000 00000000 00000001

TCR3:                      1 00000000 00000000
arduino    00000000 00000001 00000000 00000000

TCR4                       1 00001111 00011011
arduino    00000000 00000001 00011111 00011011
                           1 00011111 00011011

TCR5           1111 00001111 00001111 00000000
arduino    00011111 00011111 00011111 00000000
              11111 00011111 00011111 00000000

tx status              10000 00000000 00000000, fifo underrun? false, write pos 44, read pos 27
arduino    10010000 00010000 00000000 00000001
           10010000 00000000 00000011 00000000
